,Time,NonPr,Printable,Materials,Env_Materials,#Replicator,#Normal,#Assembler,#Printer,#Assembling,#Printing,#Collecting,#Idle,#In,#Out,Average Build Quality in-service,Average Build Quality of System,#WasteReplicator,#WasteNormal,#WasteAssembler,#WastePrinter
0,0.0,297.0,94.0,50.0,500.0,1.0,0.0,0.0,0.0,1.0,0.0,0.0,0.0,1.0,0.0,0.916,0.916,0.0,0.0,0.0,0.0
1,1.0,297.0,94.0,50.0,500.0,1.0,0.0,0.0,0.0,1.0,0.0,0.0,0.0,1.0,0.0,0.916,0.916,0.0,0.0,0.0,0.0
2,2.0,297.0,94.0,50.0,500.0,1.0,0.0,0.0,0.0,1.0,0.0,0.0,0.0,1.0,0.0,0.916,0.916,0.0,0.0,0.0,0.0
3,3.0,297.0,94.0,50.0,500.0,1.0,0.0,0.0,0.0,1.0,0.0,0.0,0.0,1.0,0.0,0.916,0.916,0.0,0.0,0.0,0.0
4,4.0,297.0,94.0,50.0,500.0,1.0,0.0,0.0,0.0,1.0,0.0,0.0,0.0,1.0,0.0,0.916,0.916,0.0,0.0,0.0,0.0
5,5.0,297.0,94.0,50.0,500.0,1.0,0.0,0.0,0.0,1.0,0.0,0.0,0.0,1.0,0.0,0.916,0.916,0.0,0.0,0.0,0.0
6,6.0,293.0,86.0,50.0,500.0,2.0,0.0,0.0,0.0,2.0,0.0,0.0,0.0,2.0,0.0,0.815,0.815,0.0,0.0,0.0,0.0
7,7.0,293.0,86.0,50.0,500.0,2.0,0.0,0.0,0.0,2.0,0.0,0.0,0.0,2.0,0.0,0.815,0.815,0.0,0.0,0.0,0.0
8,8.0,290.0,80.0,51.0,499.0,2.0,1.0,0.0,0.0,2.0,0.0,1.0,0.0,3.0,0.0,0.797,0.797,0.0,0.0,0.0,0.0
9,9.0,290.0,80.0,52.0,498.0,2.0,1.0,0.0,0.0,2.0,0.0,1.0,0.0,3.0,0.0,0.797,0.797,0.0,0.0,0.0,0.0
10,10.0,290.0,80.0,53.0,497.0,2.0,1.0,0.0,0.0,2.0,0.0,1.0,0.0,3.0,0.0,0.797,0.797,0.0,0.0,0.0,0.0
11,11.0,290.0,80.0,54.0,496.0,2.0,1.0,0.0,0.0,2.0,0.0,1.0,0.0,3.0,0.0,0.797,0.797,0.0,0.0,0.0,0.0
12,12.0,286.0,72.0,55.0,495.0,3.0,1.0,0.0,0.0,3.0,0.0,1.0,0.0,4.0,0.0,0.77,0.77,0.0,0.0,0.0,0.0
13,13.0,286.0,72.0,56.0,494.0,3.0,1.0,0.0,0.0,3.0,0.0,1.0,0.0,4.0,0.0,0.77,0.77,0.0,0.0,0.0,0.0
14,14.0,279.0,58.0,58.0,492.0,4.0,2.0,0.0,0.0,4.0,0.0,2.0,0.0,6.0,0.0,0.735,0.735,0.0,0.0,0.0,0.0
15,15.0,279.0,58.0,60.0,490.0,4.0,2.0,0.0,0.0,4.0,0.0,2.0,0.0,6.0,0.0,0.735,0.735,0.0,0.0,0.0,0.0
16,16.0,276.0,52.0,63.0,487.0,4.0,3.0,0.0,0.0,4.0,0.0,3.0,0.0,7.0,0.0,0.729,0.729,0.0,0.0,0.0,0.0
17,17.0,276.0,52.0,66.0,484.0,4.0,3.0,0.0,0.0,4.0,0.0,3.0,0.0,7.0,0.0,0.729,0.729,0.0,0.0,0.0,0.0
18,18.0,272.0,44.0,69.0,481.0,5.0,3.0,0.0,0.0,5.0,0.0,3.0,0.0,8.0,0.0,0.705,0.705,0.0,0.0,0.0,0.0
19,19.0,272.0,44.0,72.0,478.0,5.0,3.0,0.0,0.0,5.0,0.0,3.0,0.0,8.0,0.0,0.705,0.705,0.0,0.0,0.0,0.0
20,20.0,261.0,22.0,76.0,474.0,7.0,4.0,0.0,0.0,7.0,0.0,4.0,0.0,11.0,0.0,0.688,0.688,0.0,0.0,0.0,0.0
21,21.0,261.0,22.0,80.0,470.0,7.0,4.0,0.0,0.0,7.0,0.0,4.0,0.0,11.0,0.0,0.688,0.688,0.0,0.0,0.0,0.0
22,22.0,251.0,2.0,86.0,464.0,8.0,6.0,0.0,0.0,8.0,0.0,6.0,0.0,14.0,0.0,0.686,0.686,0.0,0.0,0.0,0.0
23,23.0,251.0,2.0,92.0,458.0,8.0,6.0,0.0,0.0,8.0,0.0,6.0,0.0,14.0,0.0,0.686,0.686,0.0,0.0,0.0,0.0
24,24.0,250.0,2.0,96.0,452.0,9.0,6.0,0.0,0.0,7.0,2.0,6.0,0.0,15.0,1.0,0.697,0.675,0.0,1.0,0.0,0.0
25,25.0,250.0,2.0,102.0,446.0,9.0,6.0,0.0,0.0,7.0,2.0,6.0,0.0,15.0,1.0,0.697,0.675,0.0,1.0,0.0,0.0
26,26.0,247.0,1.0,104.0,439.0,11.0,7.0,0.0,0.0,6.0,5.0,7.0,0.0,18.0,2.0,0.687,0.657,0.0,2.0,0.0,0.0
27,27.0,247.0,1.0,111.0,432.0,11.0,7.0,0.0,0.0,6.0,5.0,7.0,0.0,18.0,2.0,0.687,0.657,0.0,2.0,0.0,0.0
28,28.0,243.0,3.0,110.0,423.0,14.0,9.0,0.0,0.0,4.0,10.0,9.0,0.0,23.0,3.0,0.68,0.647,1.0,2.0,0.0,0.0
29,29.0,243.0,3.0,119.0,414.0,14.0,9.0,0.0,0.0,4.0,10.0,9.0,0.0,23.0,3.0,0.68,0.647,1.0,2.0,0.0,0.0
30,30.0,238.0,4.0,117.0,405.0,16.0,9.0,0.0,0.0,5.0,11.0,9.0,0.0,25.0,5.0,0.686,0.636,3.0,2.0,0.0,0.0
31,31.0,238.0,4.0,126.0,396.0,16.0,9.0,0.0,0.0,5.0,11.0,9.0,0.0,25.0,5.0,0.686,0.636,3.0,2.0,0.0,0.0
32,32.0,229.0,2.0,119.0,387.0,21.0,9.0,0.0,0.0,5.0,16.0,9.0,0.0,30.0,5.0,0.692,0.648,3.0,2.0,0.0,0.0
33,33.0,229.0,2.0,128.0,378.0,21.0,9.0,0.0,0.0,5.0,16.0,9.0,0.0,30.0,5.0,0.692,0.648,3.0,2.0,0.0,0.0
34,34.0,221.0,3.0,120.0,369.0,23.0,9.0,0.0,0.0,6.0,17.0,9.0,0.0,32.0,6.0,0.694,0.648,4.0,2.0,0.0,0.0
35,35.0,221.0,3.0,129.0,360.0,23.0,9.0,0.0,0.0,6.0,17.0,9.0,0.0,32.0,6.0,0.694,0.648,4.0,2.0,0.0,0.0
36,36.0,212.0,1.0,123.0,350.0,23.0,10.0,0.0,0.0,7.0,16.0,10.0,0.0,33.0,7.0,0.699,0.648,5.0,2.0,0.0,0.0
37,37.0,212.0,1.0,133.0,340.0,23.0,10.0,0.0,0.0,7.0,16.0,10.0,0.0,33.0,7.0,0.699,0.648,5.0,2.0,0.0,0.0
38,38.0,205.0,2.0,129.0,329.0,23.0,11.0,0.0,0.0,8.0,15.0,11.0,0.0,34.0,8.0,0.699,0.645,6.0,2.0,0.0,0.0
39,39.0,205.0,2.0,140.0,318.0,23.0,11.0,0.0,0.0,8.0,15.0,11.0,0.0,34.0,8.0,0.699,0.645,6.0,2.0,0.0,0.0
40,40.0,197.0,1.0,136.0,307.0,26.0,11.0,0.0,0.0,11.0,15.0,11.0,0.0,37.0,8.0,0.689,0.64,6.0,2.0,0.0,0.0
41,41.0,197.0,1.0,147.0,296.0,26.0,11.0,0.0,0.0,11.0,15.0,11.0,0.0,37.0,8.0,0.689,0.64,6.0,2.0,0.0,0.0
42,42.0,188.0,3.0,139.0,284.0,30.0,12.0,0.0,0.0,10.0,20.0,12.0,0.0,42.0,11.0,0.685,0.629,9.0,2.0,0.0,0.0
43,43.0,188.0,3.0,151.0,272.0,30.0,12.0,0.0,0.0,10.0,20.0,12.0,0.0,42.0,11.0,0.685,0.629,9.0,2.0,0.0,0.0
44,44.0,177.0,6.0,139.0,259.0,34.0,13.0,0.0,0.0,9.0,25.0,13.0,0.0,47.0,14.0,0.68,0.62,12.0,2.0,0.0,0.0
45,45.0,177.0,6.0,152.0,246.0,34.0,13.0,0.0,0.0,9.0,25.0,13.0,0.0,47.0,14.0,0.68,0.62,12.0,2.0,0.0,0.0
46,46.0,162.0,2.0,139.0,233.0,38.0,13.0,0.0,0.0,12.0,26.0,13.0,0.0,51.0,16.0,0.673,0.611,14.0,2.0,0.0,0.0
47,47.0,162.0,2.0,152.0,220.0,38.0,13.0,0.0,0.0,12.0,26.0,13.0,0.0,51.0,16.0,0.673,0.611,14.0,2.0,0.0,0.0
48,48.0,147.0,0.0,137.0,207.0,40.0,13.0,0.0,0.0,12.0,28.0,13.0,0.0,53.0,21.0,0.671,0.599,18.0,3.0,0.0,0.0
49,49.0,147.0,0.0,150.0,194.0,40.0,13.0,0.0,0.0,12.0,28.0,13.0,0.0,53.0,21.0,0.671,0.599,18.0,3.0,0.0,0.0
50,50.0,134.0,3.0,134.0,181.0,43.0,13.0,0.0,0.0,14.0,29.0,13.0,0.0,56.0,23.0,0.674,0.602,19.0,4.0,0.0,0.0
51,51.0,134.0,3.0,147.0,168.0,43.0,13.0,0.0,0.0,14.0,29.0,13.0,0.0,56.0,23.0,0.674,0.602,19.0,4.0,0.0,0.0
52,52.0,118.0,2.0,129.0,155.0,48.0,13.0,0.0,0.0,17.0,31.0,13.0,0.0,61.0,25.0,0.679,0.605,21.0,4.0,0.0,0.0
53,53.0,118.0,2.0,142.0,142.0,48.0,13.0,0.0,0.0,17.0,31.0,13.0,0.0,61.0,25.0,0.679,0.605,21.0,4.0,0.0,0.0
54,54.0,100.0,2.0,120.0,128.0,54.0,14.0,0.0,0.0,18.0,36.0,14.0,0.0,68.0,29.0,0.679,0.603,25.0,4.0,0.0,0.0
55,55.0,100.0,2.0,134.0,114.0,54.0,14.0,0.0,0.0,18.0,36.0,14.0,0.0,68.0,29.0,0.679,0.603,25.0,4.0,0.0,0.0
56,56.0,78.0,0.0,108.0,98.0,62.0,16.0,0.0,0.0,20.0,42.0,16.0,0.0,78.0,31.0,0.672,0.599,27.0,4.0,0.0,0.0
57,57.0,78.0,0.0,124.0,82.0,62.0,16.0,0.0,0.0,20.0,42.0,16.0,0.0,78.0,31.0,0.672,0.599,27.0,4.0,0.0,0.0
58,58.0,54.0,0.0,93.0,65.0,69.0,17.0,0.0,0.0,21.0,48.0,17.0,0.0,86.0,36.0,0.667,0.594,32.0,4.0,0.0,0.0
59,59.0,54.0,0.0,110.0,48.0,69.0,17.0,0.0,0.0,21.0,48.0,17.0,0.0,86.0,36.0,0.667,0.594,32.0,4.0,0.0,0.0
60,60.0,28.0,3.0,73.0,30.0,78.0,18.0,0.0,0.0,23.0,55.0,18.0,0.0,96.0,38.0,0.661,0.593,34.0,4.0,0.0,0.0
61,61.0,28.0,3.0,91.0,12.0,78.0,18.0,0.0,0.0,23.0,55.0,18.0,0.0,96.0,38.0,0.661,0.593,34.0,4.0,0.0,0.0
62,62.0,1.0,7.0,45.0,0.0,82.0,20.0,0.0,0.0,24.0,58.0,12.0,8.0,102.0,44.0,0.66,0.586,39.0,5.0,0.0,0.0
63,63.0,1.0,7.0,45.0,0.0,82.0,20.0,0.0,0.0,24.0,58.0,0.0,20.0,102.0,44.0,0.66,0.586,39.0,5.0,0.0,0.0
64,64.0,0.0,49.0,1.0,0.0,86.0,24.0,0.0,0.0,14.0,44.0,0.0,52.0,110.0,47.0,0.659,0.585,41.0,6.0,0.0,0.0
65,65.0,0.0,49.0,1.0,0.0,86.0,24.0,0.0,0.0,14.0,44.0,0.0,52.0,110.0,47.0,0.659,0.585,41.0,6.0,0.0,0.0
66,66.0,0.0,49.0,1.0,0.0,87.0,27.0,0.0,0.0,7.0,0.0,0.0,107.0,114.0,50.0,0.66,0.586,41.0,9.0,0.0,0.0
67,67.0,0.0,49.0,1.0,0.0,87.0,27.0,0.0,0.0,7.0,0.0,0.0,107.0,114.0,50.0,0.66,0.586,41.0,9.0,0.0,0.0
68,68.0,0.0,49.0,1.0,0.0,87.0,33.0,0.0,0.0,0.0,0.0,0.0,120.0,120.0,51.0,0.659,0.587,41.0,10.0,0.0,0.0
69,69.0,0.0,49.0,1.0,0.0,87.0,33.0,0.0,0.0,0.0,0.0,0.0,120.0,120.0,51.0,0.659,0.587,41.0,10.0,0.0,0.0
70,70.0,0.0,49.0,1.0,0.0,87.0,33.0,0.0,0.0,0.0,0.0,0.0,120.0,120.0,51.0,0.659,0.587,41.0,10.0,0.0,0.0
71,71.0,0.0,49.0,1.0,0.0,87.0,33.0,0.0,0.0,0.0,0.0,0.0,120.0,120.0,51.0,0.659,0.587,41.0,10.0,0.0,0.0
72,72.0,0.0,49.0,1.0,0.0,87.0,33.0,0.0,0.0,0.0,0.0,0.0,120.0,120.0,51.0,0.659,0.587,41.0,10.0,0.0,0.0
73,73.0,0.0,49.0,1.0,0.0,87.0,33.0,0.0,0.0,0.0,0.0,0.0,120.0,120.0,51.0,0.659,0.587,41.0,10.0,0.0,0.0
74,74.0,0.0,49.0,1.0,0.0,87.0,33.0,0.0,0.0,0.0,0.0,0.0,120.0,120.0,51.0,0.659,0.587,41.0,10.0,0.0,0.0
75,75.0,0.0,49.0,1.0,0.0,87.0,33.0,0.0,0.0,0.0,0.0,0.0,120.0,120.0,51.0,0.659,0.587,41.0,10.0,0.0,0.0
76,76.0,0.0,49.0,1.0,0.0,87.0,33.0,0.0,0.0,0.0,0.0,0.0,120.0,120.0,51.0,0.659,0.587,41.0,10.0,0.0,0.0
77,77.0,0.0,49.0,1.0,0.0,87.0,33.0,0.0,0.0,0.0,0.0,0.0,120.0,120.0,51.0,0.659,0.587,41.0,10.0,0.0,0.0
78,78.0,0.0,49.0,1.0,0.0,87.0,33.0,0.0,0.0,0.0,0.0,0.0,120.0,120.0,51.0,0.659,0.587,41.0,10.0,0.0,0.0
79,79.0,0.0,49.0,1.0,0.0,87.0,33.0,0.0,0.0,0.0,0.0,0.0,120.0,120.0,51.0,0.659,0.587,41.0,10.0,0.0,0.0
80,80.0,0.0,49.0,1.0,0.0,87.0,33.0,0.0,0.0,0.0,0.0,0.0,120.0,120.0,51.0,0.659,0.587,41.0,10.0,0.0,0.0
81,81.0,0.0,49.0,1.0,0.0,87.0,33.0,0.0,0.0,0.0,0.0,0.0,120.0,120.0,51.0,0.659,0.587,41.0,10.0,0.0,0.0
82,82.0,0.0,49.0,1.0,0.0,87.0,33.0,0.0,0.0,0.0,0.0,0.0,120.0,120.0,51.0,0.659,0.587,41.0,10.0,0.0,0.0
83,83.0,0.0,49.0,1.0,0.0,87.0,33.0,0.0,0.0,0.0,0.0,0.0,120.0,120.0,51.0,0.659,0.587,41.0,10.0,0.0,0.0
84,84.0,0.0,49.0,1.0,0.0,87.0,33.0,0.0,0.0,0.0,0.0,0.0,120.0,120.0,51.0,0.659,0.587,41.0,10.0,0.0,0.0
85,85.0,0.0,49.0,1.0,0.0,87.0,33.0,0.0,0.0,0.0,0.0,0.0,120.0,120.0,51.0,0.659,0.587,41.0,10.0,0.0,0.0
86,86.0,0.0,49.0,1.0,0.0,87.0,33.0,0.0,0.0,0.0,0.0,0.0,120.0,120.0,51.0,0.659,0.587,41.0,10.0,0.0,0.0
87,87.0,0.0,49.0,1.0,0.0,87.0,33.0,0.0,0.0,0.0,0.0,0.0,120.0,120.0,51.0,0.659,0.587,41.0,10.0,0.0,0.0
88,88.0,0.0,49.0,1.0,0.0,87.0,33.0,0.0,0.0,0.0,0.0,0.0,120.0,120.0,51.0,0.659,0.587,41.0,10.0,0.0,0.0
89,89.0,0.0,49.0,1.0,0.0,87.0,33.0,0.0,0.0,0.0,0.0,0.0,120.0,120.0,51.0,0.659,0.587,41.0,10.0,0.0,0.0
90,90.0,0.0,49.0,1.0,0.0,87.0,33.0,0.0,0.0,0.0,0.0,0.0,120.0,120.0,51.0,0.659,0.587,41.0,10.0,0.0,0.0
91,91.0,0.0,49.0,1.0,0.0,87.0,33.0,0.0,0.0,0.0,0.0,0.0,120.0,120.0,51.0,0.659,0.587,41.0,10.0,0.0,0.0
92,92.0,0.0,49.0,1.0,0.0,87.0,33.0,0.0,0.0,0.0,0.0,0.0,120.0,120.0,51.0,0.659,0.587,41.0,10.0,0.0,0.0
93,93.0,0.0,49.0,1.0,0.0,87.0,33.0,0.0,0.0,0.0,0.0,0.0,120.0,120.0,51.0,0.659,0.587,41.0,10.0,0.0,0.0
94,94.0,0.0,49.0,1.0,0.0,87.0,33.0,0.0,0.0,0.0,0.0,0.0,120.0,120.0,51.0,0.659,0.587,41.0,10.0,0.0,0.0
95,95.0,0.0,49.0,1.0,0.0,87.0,33.0,0.0,0.0,0.0,0.0,0.0,120.0,120.0,51.0,0.659,0.587,41.0,10.0,0.0,0.0
96,96.0,0.0,49.0,1.0,0.0,87.0,33.0,0.0,0.0,0.0,0.0,0.0,120.0,120.0,51.0,0.659,0.587,41.0,10.0,0.0,0.0
97,97.0,0.0,49.0,1.0,0.0,87.0,33.0,0.0,0.0,0.0,0.0,0.0,120.0,120.0,51.0,0.659,0.587,41.0,10.0,0.0,0.0
98,98.0,0.0,49.0,1.0,0.0,87.0,33.0,0.0,0.0,0.0,0.0,0.0,120.0,120.0,51.0,0.659,0.587,41.0,10.0,0.0,0.0
99,99.0,0.0,49.0,1.0,0.0,87.0,33.0,0.0,0.0,0.0,0.0,0.0,120.0,120.0,51.0,0.659,0.587,41.0,10.0,0.0,0.0
