,Time,NonPr,Printable,Materials,Env_Materials,#Replicator,#Normal,#Assembler,#Printer,#Assembling,#Printing,#Collecting,#Idle,#In,#Out,Average Build Quality in-service,Average Build Quality of System,#WasteReplicator,#WasteNormal,#WasteAssembler,#WastePrinter
0,0.0,299.0,99.0,49.0,500.0,0.0,0.0,1.0,1.0,1.0,1.0,0.0,0.0,2.0,0.0,0.883,0.883,0.0,0.0,0.0,0.0
1,1.0,299.0,99.0,49.0,500.0,0.0,0.0,1.0,1.0,1.0,1.0,0.0,0.0,2.0,0.0,0.883,0.883,0.0,0.0,0.0,0.0
2,2.0,297.0,96.0,49.0,499.0,0.0,1.0,1.0,1.0,1.0,1.0,1.0,0.0,3.0,0.0,0.836,0.836,0.0,0.0,0.0,0.0
3,3.0,297.0,96.0,50.0,498.0,0.0,1.0,1.0,1.0,1.0,1.0,1.0,0.0,3.0,0.0,0.836,0.836,0.0,0.0,0.0,0.0
4,4.0,297.0,97.0,50.0,497.0,0.0,1.0,1.0,1.0,1.0,1.0,1.0,0.0,3.0,0.0,0.836,0.836,0.0,0.0,0.0,0.0
5,5.0,297.0,97.0,51.0,496.0,0.0,1.0,1.0,1.0,1.0,1.0,1.0,0.0,3.0,0.0,0.836,0.836,0.0,0.0,0.0,0.0
6,6.0,294.0,92.0,51.0,495.0,0.0,1.0,2.0,1.0,2.0,1.0,1.0,0.0,4.0,0.0,0.793,0.793,0.0,0.0,0.0,0.0
7,7.0,294.0,92.0,52.0,494.0,0.0,1.0,2.0,1.0,2.0,1.0,1.0,0.0,4.0,0.0,0.793,0.793,0.0,0.0,0.0,0.0
8,8.0,292.0,89.0,52.0,493.0,0.0,1.0,2.0,1.0,2.0,1.0,1.0,0.0,4.0,1.0,0.793,0.729,0.0,1.0,0.0,0.0
9,9.0,292.0,89.0,53.0,492.0,0.0,1.0,2.0,1.0,2.0,1.0,1.0,0.0,4.0,1.0,0.793,0.729,0.0,1.0,0.0,0.0
10,10.0,291.0,89.0,52.0,491.0,0.0,1.0,2.0,2.0,2.0,2.0,1.0,0.0,5.0,1.0,0.763,0.715,0.0,1.0,0.0,0.0
11,11.0,291.0,89.0,53.0,490.0,0.0,1.0,2.0,2.0,2.0,2.0,1.0,0.0,5.0,1.0,0.763,0.715,0.0,1.0,0.0,0.0
12,12.0,287.0,83.0,53.0,488.0,0.0,2.0,2.0,2.0,2.0,2.0,2.0,0.0,6.0,2.0,0.758,0.679,0.0,1.0,1.0,0.0
13,13.0,287.0,83.0,55.0,486.0,0.0,2.0,2.0,2.0,2.0,2.0,2.0,0.0,6.0,2.0,0.758,0.679,0.0,1.0,1.0,0.0
14,14.0,287.0,85.0,55.0,484.0,0.0,2.0,2.0,2.0,2.0,2.0,2.0,0.0,6.0,2.0,0.758,0.679,0.0,1.0,1.0,0.0
15,15.0,287.0,85.0,57.0,482.0,0.0,2.0,2.0,2.0,2.0,2.0,2.0,0.0,6.0,2.0,0.758,0.679,0.0,1.0,1.0,0.0
16,16.0,283.0,79.0,57.0,480.0,0.0,2.0,3.0,2.0,3.0,2.0,2.0,0.0,7.0,3.0,0.751,0.661,0.0,1.0,1.0,1.0
17,17.0,283.0,79.0,59.0,478.0,0.0,2.0,3.0,2.0,3.0,2.0,2.0,0.0,7.0,3.0,0.751,0.661,0.0,1.0,1.0,1.0
18,18.0,279.0,73.0,61.0,474.0,0.0,4.0,3.0,2.0,3.0,2.0,4.0,0.0,9.0,3.0,0.722,0.654,0.0,1.0,1.0,1.0
19,19.0,279.0,73.0,65.0,470.0,0.0,4.0,3.0,2.0,3.0,2.0,4.0,0.0,9.0,3.0,0.722,0.654,0.0,1.0,1.0,1.0
20,20.0,278.0,74.0,66.0,466.0,0.0,4.0,3.0,3.0,3.0,3.0,4.0,0.0,10.0,3.0,0.724,0.661,0.0,1.0,1.0,1.0
21,21.0,278.0,74.0,70.0,462.0,0.0,4.0,3.0,3.0,3.0,3.0,4.0,0.0,10.0,3.0,0.724,0.661,0.0,1.0,1.0,1.0
22,22.0,270.0,61.0,72.0,457.0,0.0,5.0,5.0,3.0,5.0,3.0,5.0,0.0,13.0,3.0,0.703,0.656,0.0,1.0,1.0,1.0
23,23.0,270.0,61.0,77.0,452.0,0.0,5.0,5.0,3.0,5.0,3.0,5.0,0.0,13.0,3.0,0.703,0.656,0.0,1.0,1.0,1.0
24,24.0,266.0,56.0,81.0,445.0,0.0,7.0,5.0,3.0,5.0,3.0,7.0,0.0,15.0,3.0,0.679,0.641,0.0,1.0,1.0,1.0
25,25.0,266.0,56.0,88.0,438.0,0.0,7.0,5.0,3.0,5.0,3.0,7.0,0.0,15.0,3.0,0.679,0.641,0.0,1.0,1.0,1.0
26,26.0,261.0,51.0,90.0,431.0,0.0,7.0,6.0,5.0,6.0,5.0,7.0,0.0,18.0,3.0,0.666,0.635,0.0,1.0,1.0,1.0
27,27.0,261.0,51.0,97.0,424.0,0.0,7.0,6.0,5.0,6.0,5.0,7.0,0.0,18.0,3.0,0.666,0.635,0.0,1.0,1.0,1.0
28,28.0,250.0,34.0,102.0,414.0,0.0,10.0,7.0,5.0,7.0,5.0,10.0,0.0,22.0,4.0,0.647,0.615,0.0,1.0,2.0,1.0
29,29.0,250.0,34.0,112.0,404.0,0.0,10.0,7.0,5.0,7.0,5.0,10.0,0.0,22.0,4.0,0.647,0.615,0.0,1.0,2.0,1.0
30,30.0,247.0,34.0,116.0,394.0,0.0,10.0,7.0,6.0,7.0,6.0,10.0,0.0,23.0,5.0,0.649,0.607,0.0,2.0,2.0,1.0
31,31.0,247.0,34.0,126.0,384.0,0.0,10.0,7.0,6.0,7.0,6.0,10.0,0.0,23.0,5.0,0.649,0.607,0.0,2.0,2.0,1.0
32,32.0,234.0,14.0,131.0,373.0,0.0,11.0,10.0,6.0,10.0,6.0,11.0,0.0,27.0,7.0,0.642,0.592,0.0,2.0,2.0,3.0
33,33.0,234.0,14.0,142.0,362.0,0.0,11.0,10.0,6.0,10.0,6.0,11.0,0.0,27.0,7.0,0.642,0.592,0.0,2.0,2.0,3.0
34,34.0,224.0,1.0,147.0,350.0,0.0,11.0,10.0,7.0,9.0,7.0,12.0,0.0,28.0,12.0,0.639,0.567,0.0,6.0,3.0,3.0
35,35.0,224.0,1.0,159.0,338.0,0.0,11.0,10.0,7.0,9.0,7.0,12.0,0.0,28.0,12.0,0.639,0.567,0.0,6.0,3.0,3.0
36,36.0,219.0,1.0,162.0,325.0,0.0,12.0,10.0,10.0,9.0,10.0,13.0,0.0,32.0,12.0,0.634,0.569,0.0,6.0,3.0,3.0
37,37.0,219.0,1.0,175.0,312.0,0.0,12.0,10.0,10.0,9.0,10.0,13.0,0.0,32.0,12.0,0.634,0.569,0.0,6.0,3.0,3.0
38,38.0,216.0,6.0,185.0,291.0,0.0,14.0,10.0,11.0,3.0,11.0,21.0,0.0,35.0,17.0,0.63,0.554,0.0,9.0,3.0,5.0
39,39.0,214.0,2.0,205.0,271.0,0.0,14.0,10.0,11.0,4.0,11.0,20.0,0.0,35.0,17.0,0.63,0.554,0.0,9.0,3.0,5.0
40,40.0,210.0,5.0,215.0,250.0,0.0,15.0,10.0,11.0,4.0,11.0,21.0,0.0,36.0,18.0,0.628,0.553,0.0,9.0,3.0,6.0
41,41.0,208.0,1.0,235.0,230.0,0.0,15.0,10.0,11.0,5.0,11.0,20.0,0.0,36.0,18.0,0.628,0.553,0.0,9.0,3.0,6.0
42,42.0,206.0,8.0,245.0,209.0,0.0,16.0,10.0,11.0,5.0,11.0,21.0,0.0,37.0,18.0,0.625,0.552,0.0,9.0,3.0,6.0
43,43.0,203.0,3.0,264.0,189.0,0.0,16.0,10.0,12.0,6.0,12.0,20.0,0.0,38.0,18.0,0.63,0.557,0.0,9.0,3.0,6.0
44,44.0,199.0,7.0,271.0,170.0,0.0,16.0,10.0,13.0,7.0,13.0,19.0,0.0,39.0,19.0,0.626,0.554,0.0,9.0,3.0,7.0
45,45.0,197.0,4.0,292.0,148.0,0.0,18.0,10.0,13.0,6.0,13.0,22.0,0.0,41.0,19.0,0.629,0.559,0.0,9.0,3.0,7.0
46,46.0,192.0,7.0,301.0,126.0,0.0,18.0,10.0,14.0,6.0,14.0,22.0,0.0,42.0,21.0,0.626,0.553,0.0,9.0,3.0,9.0
47,47.0,189.0,3.0,320.0,105.0,0.0,18.0,10.0,15.0,7.0,15.0,21.0,0.0,43.0,21.0,0.627,0.555,0.0,9.0,3.0,9.0
48,48.0,185.0,8.0,329.0,83.0,0.0,19.0,10.0,15.0,7.0,15.0,22.0,0.0,44.0,22.0,0.625,0.554,0.0,10.0,3.0,9.0
49,49.0,182.0,5.0,349.0,60.0,0.0,19.0,11.0,16.0,7.0,16.0,23.0,0.0,46.0,22.0,0.627,0.557,0.0,10.0,3.0,9.0
50,50.0,177.0,8.0,358.0,38.0,0.0,19.0,11.0,16.0,8.0,16.0,22.0,0.0,46.0,24.0,0.627,0.553,0.0,10.0,4.0,10.0
51,51.0,173.0,4.0,376.0,16.0,0.0,19.0,11.0,17.0,8.0,17.0,22.0,0.0,47.0,25.0,0.626,0.55,0.0,10.0,5.0,10.0
52,52.0,167.0,5.0,379.0,0.0,0.0,21.0,11.0,17.0,8.0,17.0,16.0,8.0,49.0,26.0,0.622,0.546,0.0,10.0,6.0,10.0
53,53.0,164.0,4.0,374.0,0.0,0.0,21.0,11.0,18.0,9.0,18.0,0.0,23.0,50.0,26.0,0.624,0.548,0.0,10.0,6.0,10.0
54,54.0,160.0,9.0,361.0,0.0,0.0,21.0,12.0,18.0,10.0,18.0,0.0,23.0,51.0,27.0,0.624,0.547,0.0,10.0,6.0,11.0
55,55.0,156.0,6.0,356.0,0.0,0.0,22.0,12.0,18.0,10.0,18.0,0.0,24.0,52.0,29.0,0.626,0.547,0.0,10.0,6.0,13.0
56,56.0,148.0,3.0,343.0,0.0,0.0,22.0,13.0,18.0,10.0,18.0,0.0,25.0,53.0,33.0,0.626,0.543,0.0,11.0,7.0,15.0
57,57.0,145.0,4.0,336.0,0.0,0.0,22.0,13.0,20.0,9.0,20.0,0.0,26.0,55.0,34.0,0.623,0.542,0.0,11.0,7.0,16.0
58,58.0,138.0,4.0,322.0,0.0,0.0,22.0,13.0,21.0,10.0,21.0,0.0,25.0,56.0,36.0,0.623,0.539,0.0,13.0,7.0,16.0
59,59.0,136.0,8.0,314.0,0.0,0.0,22.0,14.0,22.0,9.0,22.0,0.0,27.0,58.0,36.0,0.626,0.543,0.0,13.0,7.0,16.0
60,60.0,127.0,5.0,299.0,0.0,0.0,23.0,14.0,23.0,11.0,23.0,0.0,26.0,60.0,38.0,0.624,0.541,0.0,14.0,7.0,17.0
61,61.0,122.0,3.0,291.0,0.0,0.0,23.0,15.0,23.0,13.0,23.0,0.0,25.0,61.0,38.0,0.624,0.542,0.0,14.0,7.0,17.0
62,62.0,114.0,3.0,275.0,0.0,0.0,24.0,16.0,24.0,11.0,24.0,0.0,29.0,64.0,41.0,0.624,0.541,0.0,17.0,7.0,17.0
63,63.0,108.0,0.0,266.0,0.0,0.0,24.0,16.0,25.0,13.0,25.0,0.0,27.0,65.0,42.0,0.624,0.541,0.0,18.0,7.0,17.0
64,64.0,105.0,10.0,250.0,0.0,0.0,25.0,16.0,25.0,12.0,25.0,0.0,29.0,66.0,44.0,0.623,0.54,0.0,19.0,7.0,18.0
65,65.0,98.0,5.0,241.0,0.0,0.0,27.0,16.0,25.0,12.0,25.0,0.0,31.0,68.0,46.0,0.626,0.542,0.0,20.0,7.0,19.0
66,66.0,89.0,5.0,223.0,0.0,0.0,27.0,17.0,27.0,13.0,27.0,0.0,31.0,71.0,48.0,0.624,0.541,0.0,20.0,8.0,20.0
67,67.0,83.0,2.0,214.0,0.0,0.0,28.0,18.0,27.0,13.0,27.0,0.0,33.0,73.0,49.0,0.624,0.543,0.0,21.0,8.0,20.0
68,68.0,73.0,0.0,196.0,0.0,0.0,29.0,18.0,27.0,15.0,27.0,0.0,32.0,74.0,52.0,0.623,0.538,0.0,22.0,8.0,22.0
69,69.0,71.0,5.0,187.0,0.0,0.0,30.0,19.0,27.0,13.0,27.0,0.0,36.0,76.0,53.0,0.627,0.541,0.0,22.0,9.0,22.0
70,70.0,61.0,5.0,167.0,0.0,0.0,31.0,19.0,29.0,15.0,29.0,0.0,35.0,79.0,55.0,0.628,0.541,0.0,23.0,10.0,22.0
71,71.0,55.0,3.0,157.0,0.0,0.0,31.0,20.0,30.0,17.0,30.0,0.0,34.0,81.0,56.0,0.627,0.542,0.0,23.0,10.0,23.0
72,72.0,45.0,3.0,137.0,0.0,0.0,34.0,20.0,30.0,15.0,30.0,0.0,39.0,84.0,61.0,0.625,0.54,0.0,24.0,11.0,26.0
73,73.0,40.0,3.0,127.0,0.0,0.0,35.0,20.0,30.0,13.0,30.0,0.0,42.0,85.0,65.0,0.626,0.536,0.0,24.0,11.0,30.0
74,74.0,28.0,0.0,106.0,0.0,0.0,36.0,21.0,31.0,15.0,31.0,0.0,42.0,88.0,67.0,0.627,0.536,0.0,24.0,12.0,31.0
75,75.0,25.0,5.0,95.0,0.0,0.0,36.0,21.0,32.0,15.0,32.0,0.0,42.0,89.0,68.0,0.626,0.534,0.0,25.0,12.0,31.0
76,76.0,12.0,1.0,73.0,0.0,0.0,39.0,23.0,33.0,17.0,33.0,0.0,45.0,95.0,68.0,0.626,0.538,0.0,25.0,12.0,31.0
77,77.0,7.0,3.0,61.0,0.0,0.0,39.0,24.0,34.0,17.0,34.0,0.0,46.0,97.0,69.0,0.628,0.539,0.0,26.0,12.0,31.0
78,78.0,0.0,14.0,36.0,0.0,0.0,41.0,24.0,37.0,13.0,37.0,0.0,52.0,102.0,72.0,0.627,0.54,0.0,28.0,13.0,31.0
79,79.0,0.0,27.0,23.0,0.0,0.0,41.0,24.0,38.0,11.0,38.0,0.0,54.0,103.0,73.0,0.626,0.539,0.0,29.0,13.0,31.0
80,80.0,0.0,49.0,1.0,0.0,0.0,43.0,26.0,39.0,5.0,35.0,0.0,68.0,108.0,74.0,0.628,0.543,0.0,30.0,13.0,31.0
81,81.0,0.0,49.0,1.0,0.0,0.0,43.0,27.0,39.0,3.0,22.0,0.0,84.0,109.0,75.0,0.63,0.543,0.0,31.0,13.0,31.0
82,82.0,0.0,49.0,1.0,0.0,0.0,43.0,28.0,39.0,0.0,0.0,0.0,110.0,110.0,77.0,0.629,0.542,0.0,33.0,13.0,31.0
83,83.0,0.0,49.0,1.0,0.0,0.0,43.0,28.0,39.0,0.0,0.0,0.0,110.0,110.0,77.0,0.629,0.542,0.0,33.0,13.0,31.0
84,84.0,0.0,49.0,1.0,0.0,0.0,43.0,28.0,39.0,0.0,0.0,0.0,110.0,110.0,77.0,0.629,0.542,0.0,33.0,13.0,31.0
85,85.0,0.0,49.0,1.0,0.0,0.0,43.0,28.0,39.0,0.0,0.0,0.0,110.0,110.0,77.0,0.629,0.542,0.0,33.0,13.0,31.0
86,86.0,0.0,49.0,1.0,0.0,0.0,43.0,28.0,39.0,0.0,0.0,0.0,110.0,110.0,77.0,0.629,0.542,0.0,33.0,13.0,31.0
87,87.0,0.0,49.0,1.0,0.0,0.0,43.0,28.0,39.0,0.0,0.0,0.0,110.0,110.0,77.0,0.629,0.542,0.0,33.0,13.0,31.0
88,88.0,0.0,49.0,1.0,0.0,0.0,43.0,28.0,39.0,0.0,0.0,0.0,110.0,110.0,77.0,0.629,0.542,0.0,33.0,13.0,31.0
89,89.0,0.0,49.0,1.0,0.0,0.0,43.0,28.0,39.0,0.0,0.0,0.0,110.0,110.0,77.0,0.629,0.542,0.0,33.0,13.0,31.0
