,Time,NonPr,Printable,Materials,Env_Materials,#Replicator,#Normal,#Assembler,#Printer,#Assembling,#Printing,#Collecting,#Idle,#In,#Out,Average Build Quality in-service,Average Build Quality of System,#WasteReplicator,#WasteNormal,#WasteAssembler,#WastePrinter
0,0.0,297.0,94.0,50.0,500.0,1.0,0.0,0.0,0.0,1.0,0.0,0.0,0.0,1.0,0.0,0.934,0.934,0.0,0.0,0.0,0.0
1,1.0,297.0,94.0,50.0,500.0,1.0,0.0,0.0,0.0,1.0,0.0,0.0,0.0,1.0,0.0,0.934,0.934,0.0,0.0,0.0,0.0
2,2.0,297.0,94.0,50.0,500.0,1.0,0.0,0.0,0.0,1.0,0.0,0.0,0.0,1.0,0.0,0.934,0.934,0.0,0.0,0.0,0.0
3,3.0,297.0,94.0,50.0,500.0,1.0,0.0,0.0,0.0,1.0,0.0,0.0,0.0,1.0,0.0,0.934,0.934,0.0,0.0,0.0,0.0
4,4.0,297.0,94.0,50.0,500.0,1.0,0.0,0.0,0.0,1.0,0.0,0.0,0.0,1.0,0.0,0.934,0.934,0.0,0.0,0.0,0.0
5,5.0,297.0,94.0,50.0,500.0,1.0,0.0,0.0,0.0,1.0,0.0,0.0,0.0,1.0,0.0,0.934,0.934,0.0,0.0,0.0,0.0
6,6.0,291.0,82.0,50.0,500.0,2.0,0.0,0.0,0.0,2.0,0.0,0.0,0.0,2.0,0.0,0.862,0.862,0.0,0.0,0.0,0.0
7,7.0,291.0,82.0,50.0,500.0,2.0,0.0,0.0,0.0,2.0,0.0,0.0,0.0,2.0,0.0,0.862,0.862,0.0,0.0,0.0,0.0
8,8.0,291.0,82.0,50.0,500.0,2.0,0.0,0.0,0.0,2.0,0.0,0.0,0.0,2.0,0.0,0.862,0.862,0.0,0.0,0.0,0.0
9,9.0,291.0,82.0,50.0,500.0,2.0,0.0,0.0,0.0,2.0,0.0,0.0,0.0,2.0,0.0,0.862,0.862,0.0,0.0,0.0,0.0
10,10.0,291.0,82.0,50.0,500.0,2.0,0.0,0.0,0.0,2.0,0.0,0.0,0.0,2.0,0.0,0.862,0.862,0.0,0.0,0.0,0.0
11,11.0,291.0,82.0,50.0,500.0,2.0,0.0,0.0,0.0,2.0,0.0,0.0,0.0,2.0,0.0,0.862,0.862,0.0,0.0,0.0,0.0
12,12.0,279.0,58.0,50.0,500.0,4.0,0.0,0.0,0.0,4.0,0.0,0.0,0.0,4.0,0.0,0.804,0.804,0.0,0.0,0.0,0.0
13,13.0,279.0,58.0,50.0,500.0,4.0,0.0,0.0,0.0,4.0,0.0,0.0,0.0,4.0,0.0,0.804,0.804,0.0,0.0,0.0,0.0
14,14.0,279.0,58.0,50.0,500.0,4.0,0.0,0.0,0.0,4.0,0.0,0.0,0.0,4.0,0.0,0.804,0.804,0.0,0.0,0.0,0.0
15,15.0,279.0,58.0,50.0,500.0,4.0,0.0,0.0,0.0,4.0,0.0,0.0,0.0,4.0,0.0,0.804,0.804,0.0,0.0,0.0,0.0
16,16.0,279.0,58.0,50.0,500.0,4.0,0.0,0.0,0.0,4.0,0.0,0.0,0.0,4.0,0.0,0.804,0.804,0.0,0.0,0.0,0.0
17,17.0,279.0,58.0,50.0,500.0,4.0,0.0,0.0,0.0,4.0,0.0,0.0,0.0,4.0,0.0,0.804,0.804,0.0,0.0,0.0,0.0
18,18.0,255.0,10.0,50.0,500.0,8.0,0.0,0.0,0.0,8.0,0.0,0.0,0.0,8.0,0.0,0.768,0.768,0.0,0.0,0.0,0.0
19,19.0,255.0,10.0,50.0,500.0,8.0,0.0,0.0,0.0,8.0,0.0,0.0,0.0,8.0,0.0,0.768,0.768,0.0,0.0,0.0,0.0
20,20.0,255.0,10.0,50.0,500.0,8.0,0.0,0.0,0.0,8.0,0.0,0.0,0.0,8.0,0.0,0.768,0.768,0.0,0.0,0.0,0.0
21,21.0,255.0,10.0,50.0,500.0,8.0,0.0,0.0,0.0,8.0,0.0,0.0,0.0,8.0,0.0,0.768,0.768,0.0,0.0,0.0,0.0
22,22.0,255.0,10.0,50.0,500.0,8.0,0.0,0.0,0.0,8.0,0.0,0.0,0.0,8.0,0.0,0.768,0.768,0.0,0.0,0.0,0.0
23,23.0,255.0,10.0,50.0,500.0,8.0,0.0,0.0,0.0,8.0,0.0,0.0,0.0,8.0,0.0,0.768,0.768,0.0,0.0,0.0,0.0
24,24.0,246.0,3.0,39.0,500.0,14.0,0.0,0.0,0.0,1.0,8.0,0.0,5.0,14.0,2.0,0.725,0.688,2.0,0.0,0.0,0.0
25,25.0,243.0,1.0,35.0,500.0,14.0,0.0,0.0,0.0,2.0,12.0,0.0,0.0,14.0,2.0,0.725,0.688,2.0,0.0,0.0,0.0
26,26.0,240.0,2.0,28.0,500.0,14.0,0.0,0.0,0.0,3.0,11.0,0.0,0.0,14.0,2.0,0.725,0.688,2.0,0.0,0.0,0.0
27,27.0,240.0,6.0,24.0,500.0,14.0,0.0,0.0,0.0,3.0,11.0,0.0,0.0,14.0,2.0,0.725,0.688,2.0,0.0,0.0,0.0
28,28.0,237.0,6.0,18.0,500.0,14.0,0.0,0.0,0.0,4.0,10.0,0.0,0.0,14.0,2.0,0.725,0.688,2.0,0.0,0.0,0.0
29,29.0,234.0,3.0,15.0,500.0,14.0,0.0,0.0,0.0,5.0,9.0,0.0,0.0,14.0,2.0,0.725,0.688,2.0,0.0,0.0,0.0
30,30.0,231.0,4.0,8.0,500.0,15.0,0.0,0.0,0.0,5.0,9.0,0.0,1.0,15.0,2.0,0.712,0.679,2.0,0.0,0.0,0.0
31,31.0,228.0,2.0,4.0,500.0,15.0,0.0,0.0,0.0,5.0,10.0,0.0,0.0,15.0,3.0,0.712,0.668,3.0,0.0,0.0,0.0
32,32.0,225.0,1.0,1.0,498.0,16.0,0.0,0.0,0.0,5.0,9.0,1.0,1.0,16.0,3.0,0.707,0.666,3.0,0.0,0.0,0.0
33,33.0,225.0,4.0,1.0,495.0,16.0,0.0,0.0,0.0,5.0,8.0,3.0,0.0,16.0,3.0,0.707,0.666,3.0,0.0,0.0,0.0
34,34.0,222.0,2.0,2.0,490.0,17.0,0.0,0.0,0.0,5.0,7.0,4.0,1.0,17.0,3.0,0.706,0.668,3.0,0.0,0.0,0.0
35,35.0,219.0,1.0,1.0,486.0,18.0,0.0,0.0,0.0,5.0,8.0,4.0,1.0,18.0,3.0,0.711,0.674,3.0,0.0,0.0,0.0
36,36.0,216.0,0.0,1.0,481.0,19.0,0.0,0.0,0.0,5.0,9.0,4.0,1.0,19.0,3.0,0.713,0.677,3.0,0.0,0.0,0.0
37,37.0,216.0,5.0,2.0,475.0,20.0,0.0,0.0,0.0,4.0,10.0,5.0,1.0,20.0,3.0,0.703,0.67,3.0,0.0,0.0,0.0
38,38.0,213.0,5.0,1.0,470.0,20.0,0.0,0.0,0.0,4.0,11.0,5.0,0.0,20.0,4.0,0.703,0.66,4.0,0.0,0.0,0.0
39,39.0,210.0,3.0,2.0,465.0,20.0,0.0,0.0,0.0,5.0,10.0,5.0,0.0,20.0,4.0,0.703,0.66,4.0,0.0,0.0,0.0
40,40.0,207.0,3.0,2.0,459.0,21.0,0.0,0.0,0.0,5.0,9.0,6.0,1.0,21.0,4.0,0.702,0.661,4.0,0.0,0.0,0.0
41,41.0,204.0,3.0,1.0,454.0,21.0,0.0,0.0,0.0,5.0,11.0,5.0,0.0,21.0,5.0,0.702,0.652,5.0,0.0,0.0,0.0
42,42.0,201.0,2.0,2.0,448.0,22.0,0.0,0.0,0.0,5.0,10.0,6.0,1.0,22.0,5.0,0.702,0.654,5.0,0.0,0.0,0.0
43,43.0,198.0,2.0,2.0,442.0,22.0,0.0,0.0,0.0,6.0,10.0,6.0,0.0,22.0,5.0,0.702,0.654,5.0,0.0,0.0,0.0
44,44.0,195.0,2.0,1.0,437.0,23.0,0.0,0.0,0.0,6.0,12.0,4.0,1.0,23.0,5.0,0.704,0.658,5.0,0.0,0.0,0.0
45,45.0,192.0,2.0,1.0,431.0,24.0,0.0,0.0,0.0,6.0,11.0,6.0,1.0,24.0,5.0,0.705,0.66,5.0,0.0,0.0,0.0
46,46.0,189.0,3.0,1.0,424.0,25.0,0.0,0.0,0.0,6.0,12.0,6.0,1.0,25.0,5.0,0.699,0.656,5.0,0.0,0.0,0.0
47,47.0,186.0,3.0,1.0,418.0,25.0,0.0,0.0,0.0,6.0,13.0,6.0,0.0,25.0,6.0,0.699,0.648,6.0,0.0,0.0,0.0
48,48.0,183.0,4.0,1.0,411.0,26.0,0.0,0.0,0.0,6.0,13.0,6.0,1.0,26.0,6.0,0.693,0.645,6.0,0.0,0.0,0.0
49,49.0,180.0,5.0,1.0,404.0,27.0,0.0,0.0,0.0,6.0,14.0,6.0,1.0,27.0,6.0,0.688,0.642,6.0,0.0,0.0,0.0
50,50.0,177.0,6.0,1.0,397.0,27.0,0.0,0.0,0.0,6.0,14.0,7.0,0.0,27.0,7.0,0.688,0.637,7.0,0.0,0.0,0.0
51,51.0,171.0,0.0,2.0,390.0,27.0,0.0,0.0,0.0,7.0,13.0,7.0,0.0,27.0,8.0,0.688,0.633,8.0,0.0,0.0,0.0
52,52.0,168.0,1.0,2.0,383.0,27.0,0.0,0.0,0.0,7.0,13.0,7.0,0.0,27.0,9.0,0.688,0.629,9.0,0.0,0.0,0.0
53,53.0,165.0,2.0,1.0,377.0,27.0,0.0,0.0,0.0,7.0,14.0,6.0,0.0,27.0,10.0,0.688,0.623,10.0,0.0,0.0,0.0
54,54.0,162.0,3.0,1.0,370.0,28.0,0.0,0.0,0.0,7.0,13.0,7.0,1.0,28.0,10.0,0.685,0.622,10.0,0.0,0.0,0.0
55,55.0,159.0,5.0,1.0,362.0,29.0,0.0,0.0,0.0,7.0,13.0,8.0,1.0,29.0,10.0,0.678,0.619,10.0,0.0,0.0,0.0
56,56.0,153.0,0.0,2.0,354.0,30.0,0.0,0.0,0.0,8.0,14.0,8.0,0.0,30.0,10.0,0.677,0.619,10.0,0.0,0.0,0.0
57,57.0,150.0,3.0,2.0,345.0,32.0,0.0,0.0,0.0,7.0,14.0,9.0,2.0,32.0,10.0,0.674,0.62,10.0,0.0,0.0,0.0
58,58.0,144.0,0.0,2.0,336.0,33.0,0.0,0.0,0.0,8.0,16.0,8.0,1.0,33.0,10.0,0.672,0.619,10.0,0.0,0.0,0.0
59,59.0,141.0,3.0,1.0,328.0,34.0,0.0,0.0,0.0,8.0,18.0,7.0,1.0,34.0,10.0,0.67,0.62,10.0,0.0,0.0,0.0
60,60.0,138.0,5.0,2.0,319.0,34.0,0.0,0.0,0.0,8.0,17.0,9.0,0.0,34.0,11.0,0.67,0.616,11.0,0.0,0.0,0.0
61,61.0,132.0,2.0,2.0,310.0,35.0,0.0,0.0,0.0,9.0,17.0,8.0,1.0,35.0,11.0,0.674,0.62,11.0,0.0,0.0,0.0
62,62.0,129.0,5.0,2.0,301.0,35.0,0.0,0.0,0.0,8.0,18.0,9.0,0.0,35.0,13.0,0.674,0.61,13.0,0.0,0.0,0.0
63,63.0,123.0,2.0,2.0,292.0,36.0,0.0,0.0,0.0,9.0,17.0,9.0,1.0,36.0,13.0,0.671,0.609,13.0,0.0,0.0,0.0
64,64.0,117.0,1.0,1.0,282.0,38.0,0.0,0.0,0.0,9.0,17.0,10.0,2.0,38.0,13.0,0.666,0.608,13.0,0.0,0.0,0.0
65,65.0,114.0,5.0,1.0,272.0,38.0,0.0,0.0,0.0,9.0,19.0,10.0,0.0,38.0,14.0,0.666,0.603,14.0,0.0,0.0,0.0
66,66.0,108.0,2.0,1.0,263.0,38.0,0.0,0.0,0.0,10.0,19.0,9.0,0.0,38.0,15.0,0.666,0.601,15.0,0.0,0.0,0.0
67,67.0,102.0,0.0,2.0,252.0,40.0,0.0,0.0,0.0,10.0,17.0,11.0,2.0,40.0,15.0,0.666,0.603,15.0,0.0,0.0,0.0
68,68.0,99.0,5.0,2.0,241.0,40.0,0.0,0.0,0.0,10.0,19.0,11.0,0.0,40.0,16.0,0.666,0.599,16.0,0.0,0.0,0.0
69,69.0,93.0,3.0,2.0,231.0,41.0,0.0,0.0,0.0,10.0,21.0,10.0,0.0,41.0,17.0,0.663,0.596,17.0,0.0,0.0,0.0
70,70.0,87.0,2.0,1.0,221.0,41.0,0.0,0.0,0.0,10.0,21.0,10.0,0.0,41.0,19.0,0.663,0.59,19.0,0.0,0.0,0.0
71,71.0,84.0,6.0,1.0,211.0,41.0,0.0,0.0,0.0,10.0,21.0,10.0,0.0,41.0,20.0,0.663,0.587,20.0,0.0,0.0,0.0
72,72.0,78.0,5.0,2.0,199.0,43.0,0.0,0.0,0.0,10.0,21.0,10.0,2.0,43.0,20.0,0.663,0.59,20.0,0.0,0.0,0.0
73,73.0,72.0,4.0,2.0,188.0,43.0,0.0,0.0,0.0,10.0,22.0,11.0,0.0,43.0,22.0,0.663,0.586,22.0,0.0,0.0,0.0
74,74.0,66.0,3.0,2.0,177.0,44.0,0.0,0.0,0.0,11.0,22.0,10.0,1.0,44.0,22.0,0.662,0.586,22.0,0.0,0.0,0.0
75,75.0,60.0,3.0,1.0,166.0,45.0,0.0,0.0,0.0,11.0,23.0,10.0,1.0,45.0,23.0,0.659,0.582,23.0,0.0,0.0,0.0
76,76.0,54.0,2.0,2.0,154.0,46.0,0.0,0.0,0.0,11.0,22.0,12.0,1.0,46.0,24.0,0.66,0.581,24.0,0.0,0.0,0.0
77,77.0,48.0,3.0,1.0,142.0,47.0,0.0,0.0,0.0,12.0,22.0,12.0,1.0,47.0,24.0,0.661,0.583,24.0,0.0,0.0,0.0
78,78.0,42.0,3.0,2.0,129.0,49.0,0.0,0.0,0.0,12.0,23.0,12.0,2.0,49.0,24.0,0.664,0.587,24.0,0.0,0.0,0.0
79,79.0,36.0,5.0,1.0,116.0,50.0,0.0,0.0,0.0,12.0,25.0,12.0,1.0,50.0,25.0,0.662,0.585,25.0,0.0,0.0,0.0
80,80.0,30.0,6.0,1.0,103.0,52.0,0.0,0.0,0.0,12.0,26.0,12.0,2.0,52.0,25.0,0.663,0.588,25.0,0.0,0.0,0.0
81,81.0,21.0,2.0,2.0,88.0,54.0,0.0,0.0,0.0,13.0,25.0,14.0,2.0,54.0,25.0,0.661,0.588,25.0,0.0,0.0,0.0
82,82.0,15.0,4.0,2.0,74.0,54.0,0.0,0.0,0.0,13.0,27.0,14.0,0.0,54.0,27.0,0.661,0.583,27.0,0.0,0.0,0.0
83,83.0,6.0,0.0,1.0,61.0,55.0,0.0,0.0,0.0,14.0,28.0,12.0,1.0,55.0,28.0,0.659,0.581,28.0,0.0,0.0,0.0
84,84.0,0.0,1.0,2.0,47.0,55.0,0.0,0.0,0.0,14.0,27.0,14.0,0.0,55.0,30.0,0.659,0.578,30.0,0.0,0.0,0.0
85,85.0,0.0,17.0,2.0,31.0,57.0,0.0,0.0,0.0,12.0,29.0,14.0,2.0,57.0,30.0,0.657,0.578,30.0,0.0,0.0,0.0
86,86.0,0.0,33.0,2.0,15.0,58.0,0.0,0.0,0.0,10.0,31.0,16.0,1.0,58.0,31.0,0.658,0.578,31.0,0.0,0.0,0.0
87,87.0,0.0,49.0,1.0,0.0,61.0,0.0,0.0,0.0,7.0,30.0,13.0,11.0,61.0,31.0,0.66,0.581,31.0,0.0,0.0,0.0
88,88.0,0.0,49.0,1.0,0.0,61.0,0.0,0.0,0.0,5.0,15.0,0.0,41.0,61.0,33.0,0.66,0.578,33.0,0.0,0.0,0.0
89,89.0,0.0,49.0,1.0,0.0,63.0,0.0,0.0,0.0,2.0,0.0,0.0,61.0,63.0,34.0,0.659,0.577,34.0,0.0,0.0,0.0
90,90.0,0.0,49.0,1.0,0.0,63.0,0.0,0.0,0.0,0.0,0.0,0.0,63.0,63.0,36.0,0.659,0.573,36.0,0.0,0.0,0.0
91,91.0,0.0,49.0,1.0,0.0,63.0,0.0,0.0,0.0,0.0,0.0,0.0,63.0,63.0,36.0,0.659,0.573,36.0,0.0,0.0,0.0
92,92.0,0.0,49.0,1.0,0.0,63.0,0.0,0.0,0.0,0.0,0.0,0.0,63.0,63.0,36.0,0.659,0.573,36.0,0.0,0.0,0.0
93,93.0,0.0,49.0,1.0,0.0,63.0,0.0,0.0,0.0,0.0,0.0,0.0,63.0,63.0,36.0,0.659,0.573,36.0,0.0,0.0,0.0
94,94.0,0.0,49.0,1.0,0.0,63.0,0.0,0.0,0.0,0.0,0.0,0.0,63.0,63.0,36.0,0.659,0.573,36.0,0.0,0.0,0.0
95,95.0,0.0,49.0,1.0,0.0,63.0,0.0,0.0,0.0,0.0,0.0,0.0,63.0,63.0,36.0,0.659,0.573,36.0,0.0,0.0,0.0
96,96.0,0.0,49.0,1.0,0.0,63.0,0.0,0.0,0.0,0.0,0.0,0.0,63.0,63.0,36.0,0.659,0.573,36.0,0.0,0.0,0.0
97,97.0,0.0,49.0,1.0,0.0,63.0,0.0,0.0,0.0,0.0,0.0,0.0,63.0,63.0,36.0,0.659,0.573,36.0,0.0,0.0,0.0
98,98.0,0.0,49.0,1.0,0.0,63.0,0.0,0.0,0.0,0.0,0.0,0.0,63.0,63.0,36.0,0.659,0.573,36.0,0.0,0.0,0.0
99,99.0,0.0,49.0,1.0,0.0,63.0,0.0,0.0,0.0,0.0,0.0,0.0,63.0,63.0,36.0,0.659,0.573,36.0,0.0,0.0,0.0
