,Time,NonPr,Printable,Materials,Env_Materials,#Replicator,#Normal,#Assembler,#Printer,#Assembling,#Printing,#Collecting,#Idle,#In,#Out,Average Build Quality in-service,Average Build Quality of System,#WasteReplicator,#WasteNormal,#WasteAssembler,#WastePrinter
0,0.0,298.0,97.0,49.0,500.0,0.0,0.0,1.0,1.0,1.0,1.0,0.0,0.0,2.0,0.0,0.91,0.91,0.0,0.0,0.0,0.0
1,1.0,298.0,97.0,49.0,500.0,0.0,0.0,1.0,1.0,1.0,1.0,0.0,0.0,2.0,0.0,0.91,0.91,0.0,0.0,0.0,0.0
2,2.0,298.0,98.0,48.0,500.0,0.0,0.0,1.0,1.0,1.0,1.0,0.0,0.0,2.0,0.0,0.91,0.91,0.0,0.0,0.0,0.0
3,3.0,298.0,98.0,48.0,500.0,0.0,0.0,1.0,1.0,1.0,1.0,0.0,0.0,2.0,0.0,0.91,0.91,0.0,0.0,0.0,0.0
4,4.0,294.0,91.0,47.0,500.0,0.0,0.0,2.0,1.0,2.0,1.0,0.0,0.0,3.0,0.0,0.862,0.862,0.0,0.0,0.0,0.0
5,5.0,294.0,91.0,47.0,500.0,0.0,0.0,2.0,1.0,2.0,1.0,0.0,0.0,3.0,0.0,0.862,0.862,0.0,0.0,0.0,0.0
6,6.0,294.0,92.0,46.0,500.0,0.0,0.0,2.0,1.0,2.0,1.0,0.0,0.0,3.0,0.0,0.862,0.862,0.0,0.0,0.0,0.0
7,7.0,294.0,92.0,46.0,500.0,0.0,0.0,2.0,1.0,2.0,1.0,0.0,0.0,3.0,0.0,0.862,0.862,0.0,0.0,0.0,0.0
8,8.0,288.0,82.0,44.0,500.0,0.0,0.0,3.0,2.0,3.0,2.0,0.0,0.0,5.0,0.0,0.776,0.776,0.0,0.0,0.0,0.0
9,9.0,288.0,82.0,44.0,500.0,0.0,0.0,3.0,2.0,3.0,2.0,0.0,0.0,5.0,0.0,0.776,0.776,0.0,0.0,0.0,0.0
10,10.0,288.0,84.0,42.0,500.0,0.0,0.0,3.0,2.0,3.0,2.0,0.0,0.0,5.0,0.0,0.776,0.776,0.0,0.0,0.0,0.0
11,11.0,288.0,84.0,42.0,500.0,0.0,0.0,3.0,2.0,3.0,2.0,0.0,0.0,5.0,0.0,0.776,0.776,0.0,0.0,0.0,0.0
12,12.0,280.0,71.0,39.0,500.0,0.0,0.0,4.0,3.0,4.0,3.0,0.0,0.0,7.0,1.0,0.767,0.717,0.0,0.0,1.0,0.0
13,13.0,280.0,71.0,39.0,500.0,0.0,0.0,4.0,3.0,4.0,3.0,0.0,0.0,7.0,1.0,0.767,0.717,0.0,0.0,1.0,0.0
14,14.0,280.0,74.0,36.0,500.0,0.0,0.0,4.0,3.0,4.0,3.0,0.0,0.0,7.0,1.0,0.767,0.717,0.0,0.0,1.0,0.0
15,15.0,280.0,74.0,36.0,500.0,0.0,0.0,4.0,3.0,4.0,3.0,0.0,0.0,7.0,1.0,0.767,0.717,0.0,0.0,1.0,0.0
16,16.0,268.0,54.0,32.0,500.0,0.0,0.0,6.0,4.0,6.0,4.0,0.0,0.0,10.0,2.0,0.767,0.71,0.0,0.0,1.0,1.0
17,17.0,268.0,54.0,32.0,500.0,0.0,0.0,6.0,4.0,6.0,4.0,0.0,0.0,10.0,2.0,0.767,0.71,0.0,0.0,1.0,1.0
18,18.0,268.0,58.0,28.0,500.0,0.0,0.0,6.0,4.0,6.0,4.0,0.0,0.0,10.0,2.0,0.767,0.71,0.0,0.0,1.0,1.0
19,19.0,268.0,58.0,28.0,500.0,0.0,0.0,6.0,4.0,6.0,4.0,0.0,0.0,10.0,2.0,0.767,0.71,0.0,0.0,1.0,1.0
20,20.0,250.0,28.0,22.0,500.0,0.0,0.0,9.0,6.0,9.0,6.0,0.0,0.0,15.0,3.0,0.73,0.678,0.0,0.0,2.0,1.0
21,21.0,250.0,28.0,22.0,500.0,0.0,0.0,9.0,6.0,9.0,6.0,0.0,0.0,15.0,3.0,0.73,0.678,0.0,0.0,2.0,1.0
22,22.0,250.0,34.0,16.0,500.0,0.0,0.0,9.0,6.0,9.0,6.0,0.0,0.0,15.0,3.0,0.73,0.678,0.0,0.0,2.0,1.0
23,23.0,250.0,34.0,16.0,500.0,0.0,0.0,9.0,6.0,9.0,6.0,0.0,0.0,15.0,3.0,0.73,0.678,0.0,0.0,2.0,1.0
24,24.0,230.0,3.0,9.0,498.0,0.0,0.0,12.0,9.0,10.0,9.0,2.0,0.0,21.0,6.0,0.716,0.652,0.0,0.0,2.0,4.0
25,25.0,230.0,3.0,11.0,496.0,0.0,0.0,12.0,9.0,10.0,9.0,2.0,0.0,21.0,6.0,0.716,0.652,0.0,0.0,2.0,4.0
26,26.0,226.0,4.0,2.0,496.0,0.0,0.0,12.0,9.0,12.0,9.0,0.0,0.0,21.0,6.0,0.716,0.652,0.0,0.0,2.0,4.0
27,27.0,226.0,4.0,2.0,496.0,0.0,0.0,12.0,9.0,12.0,9.0,0.0,0.0,21.0,6.0,0.716,0.652,0.0,0.0,2.0,4.0
28,28.0,220.0,3.0,4.0,483.0,0.0,0.0,18.0,11.0,5.0,11.0,13.0,0.0,29.0,8.0,0.703,0.64,0.0,0.0,2.0,6.0
29,29.0,220.0,3.0,17.0,470.0,0.0,0.0,18.0,11.0,5.0,11.0,13.0,0.0,29.0,8.0,0.703,0.64,0.0,0.0,2.0,6.0
30,30.0,216.0,6.0,20.0,456.0,0.0,0.0,19.0,11.0,5.0,11.0,14.0,0.0,30.0,9.0,0.701,0.635,0.0,0.0,2.0,7.0
31,31.0,214.0,2.0,33.0,443.0,0.0,0.0,19.0,11.0,6.0,11.0,13.0,0.0,30.0,9.0,0.701,0.635,0.0,0.0,2.0,7.0
32,32.0,210.0,5.0,39.0,426.0,0.0,0.0,22.0,11.0,5.0,11.0,17.0,0.0,33.0,9.0,0.696,0.636,0.0,0.0,2.0,7.0
33,33.0,208.0,1.0,55.0,410.0,0.0,0.0,22.0,11.0,6.0,11.0,16.0,0.0,33.0,9.0,0.696,0.636,0.0,0.0,2.0,7.0
34,34.0,204.0,5.0,59.0,394.0,0.0,0.0,22.0,12.0,6.0,12.0,16.0,0.0,34.0,10.0,0.699,0.634,0.0,0.0,2.0,8.0
35,35.0,202.0,1.0,75.0,378.0,0.0,0.0,22.0,12.0,6.0,12.0,16.0,0.0,34.0,11.0,0.699,0.631,0.0,0.0,3.0,8.0
36,36.0,198.0,6.0,78.0,362.0,0.0,0.0,22.0,13.0,6.0,13.0,16.0,0.0,35.0,12.0,0.701,0.63,0.0,0.0,4.0,8.0
37,37.0,196.0,2.0,95.0,345.0,0.0,0.0,23.0,13.0,6.0,13.0,17.0,0.0,36.0,12.0,0.706,0.635,0.0,0.0,4.0,8.0
38,38.0,192.0,7.0,99.0,328.0,0.0,0.0,23.0,13.0,6.0,13.0,17.0,0.0,36.0,14.0,0.706,0.629,0.0,0.0,5.0,9.0
39,39.0,188.0,0.0,114.0,312.0,0.0,0.0,23.0,14.0,7.0,14.0,16.0,0.0,37.0,14.0,0.707,0.63,0.0,0.0,5.0,9.0
40,40.0,184.0,5.0,118.0,295.0,0.0,0.0,24.0,14.0,7.0,14.0,17.0,0.0,38.0,15.0,0.707,0.63,0.0,0.0,6.0,9.0
41,41.0,182.0,3.0,133.0,278.0,0.0,0.0,24.0,15.0,7.0,15.0,17.0,0.0,39.0,15.0,0.712,0.634,0.0,0.0,6.0,9.0
42,42.0,178.0,8.0,138.0,260.0,0.0,0.0,25.0,15.0,7.0,15.0,18.0,0.0,40.0,16.0,0.707,0.629,0.0,0.0,7.0,9.0
43,43.0,174.0,2.0,156.0,240.0,0.0,0.0,27.0,15.0,7.0,15.0,20.0,0.0,42.0,16.0,0.709,0.633,0.0,0.0,7.0,9.0
44,44.0,170.0,7.0,163.0,220.0,0.0,0.0,27.0,15.0,7.0,15.0,20.0,0.0,42.0,18.0,0.709,0.625,0.0,0.0,9.0,9.0
45,45.0,168.0,5.0,182.0,199.0,0.0,0.0,28.0,15.0,7.0,15.0,21.0,0.0,43.0,18.0,0.712,0.628,0.0,0.0,9.0,9.0
46,46.0,162.0,6.0,189.0,179.0,0.0,0.0,28.0,15.0,8.0,15.0,20.0,0.0,43.0,20.0,0.712,0.622,0.0,0.0,10.0,10.0
47,47.0,158.0,1.0,207.0,158.0,0.0,0.0,29.0,16.0,8.0,16.0,21.0,0.0,45.0,20.0,0.709,0.622,0.0,0.0,10.0,10.0
48,48.0,154.0,7.0,214.0,137.0,0.0,0.0,29.0,17.0,8.0,17.0,21.0,0.0,46.0,21.0,0.71,0.622,0.0,0.0,11.0,10.0
49,49.0,150.0,3.0,230.0,117.0,0.0,0.0,29.0,18.0,9.0,18.0,20.0,0.0,47.0,21.0,0.712,0.625,0.0,0.0,11.0,10.0
50,50.0,146.0,9.0,237.0,96.0,0.0,0.0,29.0,18.0,8.0,18.0,21.0,0.0,47.0,24.0,0.712,0.616,0.0,0.0,12.0,12.0
51,51.0,142.0,5.0,256.0,73.0,0.0,0.0,31.0,18.0,8.0,18.0,23.0,0.0,49.0,24.0,0.71,0.617,0.0,0.0,12.0,12.0
52,52.0,134.0,3.0,265.0,50.0,0.0,0.0,33.0,18.0,10.0,18.0,23.0,0.0,51.0,24.0,0.708,0.618,0.0,0.0,12.0,12.0
53,53.0,132.0,5.0,283.0,26.0,0.0,0.0,33.0,20.0,9.0,20.0,24.0,0.0,53.0,24.0,0.708,0.62,0.0,0.0,12.0,12.0
54,54.0,126.0,7.0,292.0,3.0,0.0,0.0,33.0,20.0,10.0,20.0,23.0,0.0,53.0,26.0,0.708,0.612,0.0,0.0,13.0,13.0
55,55.0,120.0,2.0,288.0,0.0,0.0,0.0,33.0,21.0,11.0,21.0,3.0,19.0,54.0,27.0,0.706,0.61,0.0,0.0,14.0,13.0
56,56.0,112.0,1.0,273.0,0.0,0.0,0.0,35.0,22.0,11.0,22.0,0.0,24.0,57.0,28.0,0.703,0.61,0.0,0.0,14.0,14.0
57,57.0,108.0,1.0,265.0,0.0,0.0,0.0,35.0,23.0,12.0,23.0,0.0,23.0,58.0,28.0,0.706,0.613,0.0,0.0,14.0,14.0
58,58.0,100.0,1.0,249.0,0.0,0.0,0.0,36.0,24.0,13.0,24.0,0.0,23.0,60.0,29.0,0.706,0.613,0.0,0.0,15.0,14.0
59,59.0,96.0,2.0,240.0,0.0,0.0,0.0,36.0,25.0,12.0,25.0,0.0,24.0,61.0,31.0,0.704,0.61,0.0,0.0,16.0,15.0
60,60.0,88.0,3.0,223.0,0.0,0.0,0.0,38.0,26.0,12.0,26.0,0.0,26.0,64.0,32.0,0.699,0.608,0.0,0.0,16.0,16.0
61,61.0,82.0,0.0,214.0,0.0,0.0,0.0,39.0,26.0,13.0,26.0,0.0,26.0,65.0,33.0,0.696,0.604,0.0,0.0,16.0,17.0
62,62.0,74.0,3.0,195.0,0.0,0.0,0.0,40.0,28.0,13.0,28.0,0.0,27.0,68.0,34.0,0.692,0.602,0.0,0.0,16.0,18.0
63,63.0,68.0,0.0,186.0,0.0,0.0,0.0,41.0,28.0,14.0,28.0,0.0,27.0,69.0,35.0,0.691,0.599,0.0,0.0,17.0,18.0
64,64.0,58.0,0.0,166.0,0.0,0.0,0.0,44.0,29.0,15.0,29.0,0.0,29.0,73.0,35.0,0.689,0.601,0.0,0.0,17.0,18.0
65,65.0,52.0,0.0,154.0,0.0,0.0,0.0,44.0,32.0,15.0,32.0,0.0,29.0,76.0,35.0,0.683,0.599,0.0,0.0,17.0,18.0
66,66.0,42.0,2.0,132.0,0.0,0.0,0.0,45.0,34.0,16.0,34.0,0.0,29.0,79.0,36.0,0.678,0.596,0.0,0.0,17.0,19.0
67,67.0,36.0,2.0,120.0,0.0,0.0,0.0,45.0,34.0,16.0,34.0,0.0,29.0,79.0,39.0,0.678,0.59,0.0,0.0,17.0,22.0
68,68.0,26.0,6.0,96.0,0.0,0.0,0.0,46.0,36.0,16.0,36.0,0.0,30.0,82.0,41.0,0.683,0.593,0.0,0.0,17.0,24.0
69,69.0,18.0,2.0,84.0,0.0,0.0,0.0,47.0,36.0,17.0,36.0,0.0,30.0,83.0,43.0,0.681,0.59,0.0,0.0,17.0,26.0
70,70.0,6.0,4.0,58.0,0.0,0.0,0.0,47.0,38.0,18.0,38.0,0.0,29.0,85.0,46.0,0.68,0.587,0.0,0.0,17.0,29.0
71,71.0,0.0,5.0,45.0,0.0,0.0,0.0,47.0,39.0,18.0,39.0,0.0,29.0,86.0,48.0,0.679,0.585,0.0,0.0,17.0,31.0
72,72.0,0.0,32.0,18.0,0.0,0.0,0.0,48.0,40.0,13.0,40.0,0.0,35.0,88.0,51.0,0.678,0.583,0.0,0.0,18.0,33.0
73,73.0,0.0,48.0,2.0,0.0,0.0,0.0,49.0,43.0,9.0,43.0,0.0,40.0,92.0,51.0,0.677,0.585,0.0,0.0,18.0,33.0
74,74.0,0.0,49.0,1.0,0.0,0.0,0.0,51.0,44.0,3.0,17.0,0.0,75.0,95.0,54.0,0.678,0.585,0.0,0.0,19.0,35.0
75,75.0,0.0,49.0,1.0,0.0,0.0,0.0,53.0,45.0,0.0,1.0,0.0,97.0,98.0,54.0,0.676,0.586,0.0,0.0,19.0,35.0
76,76.0,0.0,49.0,1.0,0.0,0.0,0.0,53.0,45.0,0.0,0.0,0.0,98.0,98.0,54.0,0.676,0.586,0.0,0.0,19.0,35.0
77,77.0,0.0,49.0,1.0,0.0,0.0,0.0,53.0,45.0,0.0,0.0,0.0,98.0,98.0,54.0,0.676,0.586,0.0,0.0,19.0,35.0
78,78.0,0.0,49.0,1.0,0.0,0.0,0.0,53.0,45.0,0.0,0.0,0.0,98.0,98.0,54.0,0.676,0.586,0.0,0.0,19.0,35.0
79,79.0,0.0,49.0,1.0,0.0,0.0,0.0,53.0,45.0,0.0,0.0,0.0,98.0,98.0,54.0,0.676,0.586,0.0,0.0,19.0,35.0
80,80.0,0.0,49.0,1.0,0.0,0.0,0.0,53.0,45.0,0.0,0.0,0.0,98.0,98.0,54.0,0.676,0.586,0.0,0.0,19.0,35.0
81,81.0,0.0,49.0,1.0,0.0,0.0,0.0,53.0,45.0,0.0,0.0,0.0,98.0,98.0,54.0,0.676,0.586,0.0,0.0,19.0,35.0
82,82.0,0.0,49.0,1.0,0.0,0.0,0.0,53.0,45.0,0.0,0.0,0.0,98.0,98.0,54.0,0.676,0.586,0.0,0.0,19.0,35.0
83,83.0,0.0,49.0,1.0,0.0,0.0,0.0,53.0,45.0,0.0,0.0,0.0,98.0,98.0,54.0,0.676,0.586,0.0,0.0,19.0,35.0
84,84.0,0.0,49.0,1.0,0.0,0.0,0.0,53.0,45.0,0.0,0.0,0.0,98.0,98.0,54.0,0.676,0.586,0.0,0.0,19.0,35.0
85,85.0,0.0,49.0,1.0,0.0,0.0,0.0,53.0,45.0,0.0,0.0,0.0,98.0,98.0,54.0,0.676,0.586,0.0,0.0,19.0,35.0
86,86.0,0.0,49.0,1.0,0.0,0.0,0.0,53.0,45.0,0.0,0.0,0.0,98.0,98.0,54.0,0.676,0.586,0.0,0.0,19.0,35.0
87,87.0,0.0,49.0,1.0,0.0,0.0,0.0,53.0,45.0,0.0,0.0,0.0,98.0,98.0,54.0,0.676,0.586,0.0,0.0,19.0,35.0
88,88.0,0.0,49.0,1.0,0.0,0.0,0.0,53.0,45.0,0.0,0.0,0.0,98.0,98.0,54.0,0.676,0.586,0.0,0.0,19.0,35.0
89,89.0,0.0,49.0,1.0,0.0,0.0,0.0,53.0,45.0,0.0,0.0,0.0,98.0,98.0,54.0,0.676,0.586,0.0,0.0,19.0,35.0
