,Time,NonPr,Printable,Materials,Env_Materials,#Replicator,#Normal,#Assembler,#Printer,#Assembling,#Printing,#Collecting,#Idle,#In,#Out,Average Build Quality in-service,Average Build Quality of System,#WasteReplicator,#WasteNormal,#WasteAssembler,#WastePrinter
0,0.0,297.0,94.0,50.0,500.0,1.0,0.0,0.0,0.0,1.0,0.0,0.0,0.0,1.0,0.0,0.885,0.885,0.0,0.0,0.0,0.0
1,1.0,297.0,94.0,50.0,500.0,1.0,0.0,0.0,0.0,1.0,0.0,0.0,0.0,1.0,0.0,0.885,0.885,0.0,0.0,0.0,0.0
2,2.0,297.0,94.0,50.0,500.0,1.0,0.0,0.0,0.0,1.0,0.0,0.0,0.0,1.0,0.0,0.885,0.885,0.0,0.0,0.0,0.0
3,3.0,297.0,94.0,50.0,500.0,1.0,0.0,0.0,0.0,1.0,0.0,0.0,0.0,1.0,0.0,0.885,0.885,0.0,0.0,0.0,0.0
4,4.0,297.0,94.0,50.0,500.0,1.0,0.0,0.0,0.0,1.0,0.0,0.0,0.0,1.0,0.0,0.885,0.885,0.0,0.0,0.0,0.0
5,5.0,297.0,94.0,50.0,500.0,1.0,0.0,0.0,0.0,1.0,0.0,0.0,0.0,1.0,0.0,0.885,0.885,0.0,0.0,0.0,0.0
6,6.0,293.0,86.0,50.0,500.0,2.0,0.0,0.0,0.0,2.0,0.0,0.0,0.0,2.0,0.0,0.804,0.804,0.0,0.0,0.0,0.0
7,7.0,293.0,86.0,50.0,500.0,2.0,0.0,0.0,0.0,2.0,0.0,0.0,0.0,2.0,0.0,0.804,0.804,0.0,0.0,0.0,0.0
8,8.0,290.0,80.0,51.0,499.0,2.0,1.0,0.0,0.0,2.0,0.0,1.0,0.0,3.0,0.0,0.754,0.754,0.0,0.0,0.0,0.0
9,9.0,290.0,80.0,52.0,498.0,2.0,1.0,0.0,0.0,2.0,0.0,1.0,0.0,3.0,0.0,0.754,0.754,0.0,0.0,0.0,0.0
10,10.0,290.0,80.0,53.0,497.0,2.0,1.0,0.0,0.0,2.0,0.0,1.0,0.0,3.0,0.0,0.754,0.754,0.0,0.0,0.0,0.0
11,11.0,290.0,80.0,54.0,496.0,2.0,1.0,0.0,0.0,2.0,0.0,1.0,0.0,3.0,0.0,0.754,0.754,0.0,0.0,0.0,0.0
12,12.0,286.0,72.0,55.0,495.0,3.0,1.0,0.0,0.0,3.0,0.0,1.0,0.0,4.0,0.0,0.705,0.705,0.0,0.0,0.0,0.0
13,13.0,286.0,72.0,56.0,494.0,3.0,1.0,0.0,0.0,3.0,0.0,1.0,0.0,4.0,0.0,0.705,0.705,0.0,0.0,0.0,0.0
14,14.0,279.0,58.0,57.0,493.0,4.0,1.0,0.0,0.0,4.0,0.0,1.0,0.0,5.0,1.0,0.746,0.704,0.0,1.0,0.0,0.0
15,15.0,279.0,58.0,58.0,492.0,4.0,1.0,0.0,0.0,4.0,0.0,1.0,0.0,5.0,1.0,0.746,0.704,0.0,1.0,0.0,0.0
16,16.0,276.0,52.0,60.0,490.0,4.0,2.0,0.0,0.0,4.0,0.0,2.0,0.0,6.0,1.0,0.755,0.717,0.0,1.0,0.0,0.0
17,17.0,276.0,52.0,62.0,488.0,4.0,2.0,0.0,0.0,4.0,0.0,2.0,0.0,6.0,1.0,0.755,0.717,0.0,1.0,0.0,0.0
18,18.0,275.0,50.0,64.0,486.0,4.0,2.0,0.0,0.0,4.0,0.0,2.0,0.0,6.0,2.0,0.755,0.682,1.0,1.0,0.0,0.0
19,19.0,275.0,50.0,66.0,484.0,4.0,2.0,0.0,0.0,4.0,0.0,2.0,0.0,6.0,2.0,0.755,0.682,1.0,1.0,0.0,0.0
20,20.0,264.0,28.0,68.0,482.0,6.0,2.0,0.0,0.0,6.0,0.0,2.0,0.0,8.0,3.0,0.747,0.662,1.0,2.0,0.0,0.0
21,21.0,264.0,28.0,70.0,480.0,6.0,2.0,0.0,0.0,6.0,0.0,2.0,0.0,8.0,3.0,0.747,0.662,1.0,2.0,0.0,0.0
22,22.0,254.0,8.0,74.0,476.0,7.0,4.0,0.0,0.0,7.0,0.0,4.0,0.0,11.0,3.0,0.737,0.672,1.0,2.0,0.0,0.0
23,23.0,254.0,8.0,78.0,472.0,7.0,4.0,0.0,0.0,7.0,0.0,4.0,0.0,11.0,3.0,0.737,0.672,1.0,2.0,0.0,0.0
24,24.0,251.0,2.0,83.0,467.0,7.0,5.0,0.0,0.0,7.0,0.0,5.0,0.0,12.0,3.0,0.732,0.673,1.0,2.0,0.0,0.0
25,25.0,251.0,2.0,88.0,462.0,7.0,5.0,0.0,0.0,7.0,0.0,5.0,0.0,12.0,3.0,0.732,0.673,1.0,2.0,0.0,0.0
26,26.0,250.0,2.0,92.0,456.0,7.0,6.0,0.0,0.0,5.0,2.0,6.0,0.0,13.0,5.0,0.718,0.636,2.0,3.0,0.0,0.0
27,27.0,250.0,2.0,98.0,450.0,7.0,6.0,0.0,0.0,5.0,2.0,6.0,0.0,13.0,5.0,0.718,0.636,2.0,3.0,0.0,0.0
28,28.0,247.0,1.0,100.0,443.0,9.0,7.0,0.0,0.0,4.0,5.0,7.0,0.0,16.0,6.0,0.727,0.647,3.0,3.0,0.0,0.0
29,29.0,247.0,1.0,107.0,436.0,9.0,7.0,0.0,0.0,4.0,5.0,7.0,0.0,16.0,6.0,0.727,0.647,3.0,3.0,0.0,0.0
30,30.0,244.0,4.0,106.0,428.0,12.0,8.0,0.0,0.0,3.0,9.0,8.0,0.0,20.0,6.0,0.717,0.651,3.0,3.0,0.0,0.0
31,31.0,244.0,4.0,114.0,420.0,12.0,8.0,0.0,0.0,3.0,9.0,8.0,0.0,20.0,6.0,0.717,0.651,3.0,3.0,0.0,0.0
32,32.0,239.0,3.0,113.0,412.0,14.0,8.0,0.0,0.0,5.0,9.0,8.0,0.0,22.0,7.0,0.714,0.646,4.0,3.0,0.0,0.0
33,33.0,239.0,3.0,121.0,404.0,14.0,8.0,0.0,0.0,5.0,9.0,8.0,0.0,22.0,7.0,0.714,0.646,4.0,3.0,0.0,0.0
34,34.0,231.0,0.0,117.0,395.0,17.0,9.0,0.0,0.0,4.0,13.0,9.0,0.0,26.0,8.0,0.703,0.64,5.0,3.0,0.0,0.0
35,35.0,231.0,0.0,126.0,386.0,17.0,9.0,0.0,0.0,4.0,13.0,9.0,0.0,26.0,8.0,0.703,0.64,5.0,3.0,0.0,0.0
36,36.0,225.0,2.0,122.0,376.0,18.0,10.0,0.0,0.0,4.0,14.0,10.0,0.0,28.0,8.0,0.696,0.639,5.0,3.0,0.0,0.0
37,37.0,225.0,2.0,132.0,366.0,18.0,10.0,0.0,0.0,4.0,14.0,10.0,0.0,28.0,8.0,0.696,0.639,5.0,3.0,0.0,0.0
38,38.0,219.0,2.0,130.0,356.0,18.0,10.0,0.0,0.0,6.0,12.0,10.0,0.0,28.0,8.0,0.696,0.639,5.0,3.0,0.0,0.0
39,39.0,219.0,2.0,140.0,346.0,18.0,10.0,0.0,0.0,6.0,12.0,10.0,0.0,28.0,8.0,0.696,0.639,5.0,3.0,0.0,0.0
40,40.0,214.0,4.0,138.0,336.0,19.0,10.0,0.0,0.0,7.0,12.0,10.0,0.0,29.0,9.0,0.694,0.632,5.0,4.0,0.0,0.0
41,41.0,214.0,4.0,148.0,326.0,19.0,10.0,0.0,0.0,7.0,12.0,10.0,0.0,29.0,9.0,0.694,0.632,5.0,4.0,0.0,0.0
42,42.0,207.0,5.0,144.0,315.0,21.0,11.0,0.0,0.0,6.0,15.0,11.0,0.0,32.0,10.0,0.695,0.632,6.0,4.0,0.0,0.0
43,43.0,207.0,5.0,155.0,304.0,21.0,11.0,0.0,0.0,6.0,15.0,11.0,0.0,32.0,10.0,0.695,0.632,6.0,4.0,0.0,0.0
44,44.0,201.0,7.0,153.0,292.0,21.0,12.0,0.0,0.0,7.0,14.0,12.0,0.0,33.0,12.0,0.689,0.619,8.0,4.0,0.0,0.0
45,45.0,201.0,7.0,165.0,280.0,21.0,12.0,0.0,0.0,7.0,14.0,12.0,0.0,33.0,12.0,0.689,0.619,8.0,4.0,0.0,0.0
46,46.0,193.0,6.0,163.0,267.0,22.0,13.0,0.0,0.0,7.0,15.0,13.0,0.0,35.0,14.0,0.688,0.611,10.0,4.0,0.0,0.0
47,47.0,193.0,6.0,176.0,254.0,22.0,13.0,0.0,0.0,7.0,15.0,13.0,0.0,35.0,14.0,0.688,0.611,10.0,4.0,0.0,0.0
48,48.0,182.0,0.0,173.0,241.0,24.0,13.0,0.0,0.0,8.0,16.0,13.0,0.0,37.0,16.0,0.684,0.605,12.0,4.0,0.0,0.0
49,49.0,182.0,0.0,186.0,228.0,24.0,13.0,0.0,0.0,8.0,16.0,13.0,0.0,37.0,16.0,0.684,0.605,12.0,4.0,0.0,0.0
50,50.0,175.0,2.0,184.0,214.0,24.0,14.0,0.0,0.0,8.0,16.0,14.0,0.0,38.0,18.0,0.682,0.6,14.0,4.0,0.0,0.0
51,51.0,175.0,2.0,198.0,200.0,24.0,14.0,0.0,0.0,8.0,16.0,14.0,0.0,38.0,18.0,0.682,0.6,14.0,4.0,0.0,0.0
52,52.0,168.0,6.0,195.0,185.0,26.0,15.0,0.0,0.0,8.0,18.0,15.0,0.0,41.0,18.0,0.684,0.606,14.0,4.0,0.0,0.0
53,53.0,168.0,6.0,210.0,170.0,26.0,15.0,0.0,0.0,8.0,18.0,15.0,0.0,41.0,18.0,0.684,0.606,14.0,4.0,0.0,0.0
54,54.0,157.0,2.0,208.0,154.0,29.0,16.0,0.0,0.0,11.0,18.0,16.0,0.0,45.0,18.0,0.679,0.607,14.0,4.0,0.0,0.0
55,55.0,157.0,2.0,224.0,138.0,29.0,16.0,0.0,0.0,11.0,18.0,16.0,0.0,45.0,18.0,0.679,0.607,14.0,4.0,0.0,0.0
56,56.0,147.0,4.0,218.0,122.0,34.0,16.0,0.0,0.0,12.0,22.0,16.0,0.0,50.0,20.0,0.673,0.602,16.0,4.0,0.0,0.0
57,57.0,147.0,4.0,234.0,106.0,34.0,16.0,0.0,0.0,12.0,22.0,16.0,0.0,50.0,20.0,0.673,0.602,16.0,4.0,0.0,0.0
58,58.0,134.0,5.0,224.0,89.0,39.0,17.0,0.0,0.0,12.0,27.0,17.0,0.0,56.0,23.0,0.67,0.598,19.0,4.0,0.0,0.0
59,59.0,134.0,5.0,241.0,72.0,39.0,17.0,0.0,0.0,12.0,27.0,17.0,0.0,56.0,23.0,0.67,0.598,19.0,4.0,0.0,0.0
60,60.0,116.0,1.0,226.0,55.0,45.0,17.0,0.0,0.0,13.0,32.0,17.0,0.0,62.0,26.0,0.667,0.593,22.0,4.0,0.0,0.0
61,61.0,116.0,1.0,243.0,38.0,45.0,17.0,0.0,0.0,13.0,32.0,17.0,0.0,62.0,26.0,0.667,0.593,22.0,4.0,0.0,0.0
62,62.0,99.0,2.0,225.0,21.0,50.0,17.0,0.0,0.0,15.0,35.0,17.0,0.0,67.0,28.0,0.662,0.59,23.0,5.0,0.0,0.0
63,63.0,99.0,2.0,242.0,4.0,50.0,17.0,0.0,0.0,15.0,35.0,17.0,0.0,67.0,28.0,0.662,0.59,23.0,5.0,0.0,0.0
64,64.0,82.0,5.0,209.0,0.0,54.0,18.0,0.0,0.0,17.0,37.0,4.0,14.0,72.0,30.0,0.66,0.588,25.0,5.0,0.0,0.0
65,65.0,82.0,5.0,209.0,0.0,54.0,18.0,0.0,0.0,17.0,37.0,0.0,18.0,72.0,30.0,0.66,0.588,25.0,5.0,0.0,0.0
66,66.0,61.0,1.0,171.0,0.0,59.0,18.0,0.0,0.0,21.0,38.0,0.0,18.0,77.0,34.0,0.659,0.582,29.0,5.0,0.0,0.0
67,67.0,61.0,1.0,171.0,0.0,59.0,18.0,0.0,0.0,21.0,38.0,0.0,18.0,77.0,34.0,0.659,0.582,29.0,5.0,0.0,0.0
68,68.0,41.0,6.0,126.0,0.0,63.0,21.0,0.0,0.0,18.0,45.0,0.0,21.0,84.0,40.0,0.656,0.578,35.0,5.0,0.0,0.0
69,69.0,41.0,6.0,126.0,0.0,63.0,21.0,0.0,0.0,18.0,45.0,0.0,21.0,84.0,40.0,0.656,0.578,35.0,5.0,0.0,0.0
70,70.0,16.0,1.0,81.0,0.0,65.0,24.0,0.0,0.0,20.0,45.0,0.0,24.0,89.0,44.0,0.65,0.573,39.0,5.0,0.0,0.0
71,71.0,16.0,1.0,81.0,0.0,65.0,24.0,0.0,0.0,20.0,45.0,0.0,24.0,89.0,44.0,0.65,0.573,39.0,5.0,0.0,0.0
72,72.0,0.0,18.0,32.0,0.0,71.0,25.0,0.0,0.0,22.0,49.0,0.0,25.0,96.0,45.0,0.646,0.573,39.0,6.0,0.0,0.0
73,73.0,0.0,18.0,32.0,0.0,71.0,25.0,0.0,0.0,22.0,49.0,0.0,25.0,96.0,45.0,0.646,0.573,39.0,6.0,0.0,0.0
74,74.0,0.0,49.0,1.0,0.0,73.0,28.0,0.0,0.0,10.0,31.0,0.0,60.0,101.0,52.0,0.644,0.568,44.0,8.0,0.0,0.0
75,75.0,0.0,49.0,1.0,0.0,73.0,28.0,0.0,0.0,10.0,31.0,0.0,60.0,101.0,52.0,0.644,0.568,44.0,8.0,0.0,0.0
76,76.0,0.0,49.0,1.0,0.0,73.0,32.0,0.0,0.0,3.0,0.0,0.0,102.0,105.0,55.0,0.646,0.57,44.0,11.0,0.0,0.0
77,77.0,0.0,49.0,1.0,0.0,73.0,32.0,0.0,0.0,3.0,0.0,0.0,102.0,105.0,55.0,0.646,0.57,44.0,11.0,0.0,0.0
78,78.0,0.0,49.0,1.0,0.0,73.0,34.0,0.0,0.0,0.0,0.0,0.0,107.0,107.0,56.0,0.645,0.569,44.0,12.0,0.0,0.0
79,79.0,0.0,49.0,1.0,0.0,73.0,34.0,0.0,0.0,0.0,0.0,0.0,107.0,107.0,56.0,0.645,0.569,44.0,12.0,0.0,0.0
80,80.0,0.0,49.0,1.0,0.0,73.0,34.0,0.0,0.0,0.0,0.0,0.0,107.0,107.0,56.0,0.645,0.569,44.0,12.0,0.0,0.0
81,81.0,0.0,49.0,1.0,0.0,73.0,34.0,0.0,0.0,0.0,0.0,0.0,107.0,107.0,56.0,0.645,0.569,44.0,12.0,0.0,0.0
82,82.0,0.0,49.0,1.0,0.0,73.0,34.0,0.0,0.0,0.0,0.0,0.0,107.0,107.0,56.0,0.645,0.569,44.0,12.0,0.0,0.0
83,83.0,0.0,49.0,1.0,0.0,73.0,34.0,0.0,0.0,0.0,0.0,0.0,107.0,107.0,56.0,0.645,0.569,44.0,12.0,0.0,0.0
84,84.0,0.0,49.0,1.0,0.0,73.0,34.0,0.0,0.0,0.0,0.0,0.0,107.0,107.0,56.0,0.645,0.569,44.0,12.0,0.0,0.0
85,85.0,0.0,49.0,1.0,0.0,73.0,34.0,0.0,0.0,0.0,0.0,0.0,107.0,107.0,56.0,0.645,0.569,44.0,12.0,0.0,0.0
86,86.0,0.0,49.0,1.0,0.0,73.0,34.0,0.0,0.0,0.0,0.0,0.0,107.0,107.0,56.0,0.645,0.569,44.0,12.0,0.0,0.0
87,87.0,0.0,49.0,1.0,0.0,73.0,34.0,0.0,0.0,0.0,0.0,0.0,107.0,107.0,56.0,0.645,0.569,44.0,12.0,0.0,0.0
88,88.0,0.0,49.0,1.0,0.0,73.0,34.0,0.0,0.0,0.0,0.0,0.0,107.0,107.0,56.0,0.645,0.569,44.0,12.0,0.0,0.0
89,89.0,0.0,49.0,1.0,0.0,73.0,34.0,0.0,0.0,0.0,0.0,0.0,107.0,107.0,56.0,0.645,0.569,44.0,12.0,0.0,0.0
90,90.0,0.0,49.0,1.0,0.0,73.0,34.0,0.0,0.0,0.0,0.0,0.0,107.0,107.0,56.0,0.645,0.569,44.0,12.0,0.0,0.0
91,91.0,0.0,49.0,1.0,0.0,73.0,34.0,0.0,0.0,0.0,0.0,0.0,107.0,107.0,56.0,0.645,0.569,44.0,12.0,0.0,0.0
92,92.0,0.0,49.0,1.0,0.0,73.0,34.0,0.0,0.0,0.0,0.0,0.0,107.0,107.0,56.0,0.645,0.569,44.0,12.0,0.0,0.0
93,93.0,0.0,49.0,1.0,0.0,73.0,34.0,0.0,0.0,0.0,0.0,0.0,107.0,107.0,56.0,0.645,0.569,44.0,12.0,0.0,0.0
94,94.0,0.0,49.0,1.0,0.0,73.0,34.0,0.0,0.0,0.0,0.0,0.0,107.0,107.0,56.0,0.645,0.569,44.0,12.0,0.0,0.0
95,95.0,0.0,49.0,1.0,0.0,73.0,34.0,0.0,0.0,0.0,0.0,0.0,107.0,107.0,56.0,0.645,0.569,44.0,12.0,0.0,0.0
96,96.0,0.0,49.0,1.0,0.0,73.0,34.0,0.0,0.0,0.0,0.0,0.0,107.0,107.0,56.0,0.645,0.569,44.0,12.0,0.0,0.0
97,97.0,0.0,49.0,1.0,0.0,73.0,34.0,0.0,0.0,0.0,0.0,0.0,107.0,107.0,56.0,0.645,0.569,44.0,12.0,0.0,0.0
98,98.0,0.0,49.0,1.0,0.0,73.0,34.0,0.0,0.0,0.0,0.0,0.0,107.0,107.0,56.0,0.645,0.569,44.0,12.0,0.0,0.0
99,99.0,0.0,49.0,1.0,0.0,73.0,34.0,0.0,0.0,0.0,0.0,0.0,107.0,107.0,56.0,0.645,0.569,44.0,12.0,0.0,0.0
